results brute force / knn expl
%%%%%%%%%%%%%%%%%%%%%%%%%%%%%%%%%%%%%%%%%%%%%%%%%%%%%%%%%%%%%%%%%%%%%%%%%%%%%%%%%%%%%%%%%

test_size=0.9, random_state=42, n_neighbors=8, small set, index = y_test[4]


[0.28395288 0.         0.         0.28395288 0.         0.28395288
 0.28395288 0.         0.         0.         0.28395288 0.
 0.         0.28395288 0.        ]
[ 0.11111111  0.         -0.01388889  0.11111111 -0.01388889  0.11111111
  0.11111111  0.         -0.01388889  0.          0.11111111  0.
  0.          0.11111111  0.        ]

test_size=0.9, random_state=42, n_neighbors=8, full set, index = y_test[4]


[ 0.28395288 -0.16633095 -0.16633095  0.28395288 -0.16633095  0.28395288
  0.28395288 -0.16633095 -0.16633095 -0.03888177  0.28395288 -0.16633095
 -0.03888177  0.28395288 -0.16633095]
[ 0.11111111  0.         -0.01388889  0.11111111 -0.01388889  0.11111111
  0.11111111  0.         -0.01388889  0.          0.11111111  0.
  0.          0.11111111  0.        ]

%%%%%%%%%%%

test_size=0.9, random_state=41, n_neighbors=8, small set, index = y_test[4]

y_test[3] = 2

[0.         0.         0.14508942 0.         0.         0.14508942
 0.         0.         0.14508942 0.14508942 0.         0.
 0.         0.         0.14508942]
[0.    0.    0.125 0.    0.    0.125 0.    0.    0.125 0.125 0.    0.
 0.    0.    0.125]

test_size=0.9, random_state=41, n_neighbors=8, full set, index = y_test[4]

y_test[4] = 2

[-0.13275957 -0.03607398  0.14508942 -0.13275957 -0.13275957  0.14508942
 -0.13275957 -0.13275957  0.14508942  0.14508942 -0.03607398 -0.13275957
 -0.13275957 -0.13275957  0.14508942]
[0.    0.    0.125 0.    0.    0.125 0.    0.    0.125 0.125 0.    0.
 0.    0.    0.125]

 %%%%%%%%%%%%

 test_size=0.9, random_state=42, n_neighbors=8, small set, index = y_test[3]

 y_test[3] = 1

[0.28395288 0.         0.         0.28395288 0.         0.28395288
 0.28395288 0.         0.         0.         0.28395288 0.
 0.         0.28395288 0.        ]
[ 0.1    0.    -0.025  0.1   -0.025  0.1    0.1   -0.025 -0.025  0.
  0.1    0.     0.     0.1    0.   ]


test_size=0.9, random_state=42, n_neighbors=8, full set, index = y_test[3]

y_test[3] = 1

[ 0.28395288 -0.16633095 -0.16633095  0.28395288 -0.16633095  0.28395288
  0.28395288 -0.16633095 -0.16633095 -0.03888177  0.28395288 -0.16633095
 -0.03888177  0.28395288 -0.16633095]
[ 0.1    0.    -0.025  0.1   -0.025  0.1    0.1   -0.025 -0.025  0.
  0.1    0.     0.     0.1    0.   ]


%%%%%%%%%%

test_size=0.9, random_state=41, n_neighbors=8, full set, index = y_test[3]

y_test[3] = 1

[ 0.14130501 -0.03607398 -0.10535311  0.14130501  0.14130501 -0.10535311
  0.14130501  0.14130501 -0.10535311 -0.10535311 -0.03607398  0.14130501
  0.14130501  0.14130501 -0.10535311]
[0.19166667 0.06666667 0.06666667 0.19166667 0.19166667 0.06666667
 0.19166667 0.19166667 0.06666667 0.06666667 0.06666667 0.19166667
 0.19166667 0.19166667 0.06666667]
